29 .04 .09 -.1 -.05
0.571077 0.85
0.324065 0.85
0.1556 0.23
0.3240647 0.23
0.3240647 0.46
0.1556 0.46
0.1556 0.70
0.3240647 0.70
0.4419903 0.60
0.4419903 0.46
0.4419903 0.33
0.808564 0.58
0.808564 0.41
0.932574 0.30
0.932574 0.41
0.9325742 0.70
0.571077 0.60
0.571077 0.70
0.571077 0.46
0.571077 0.33
0.571077 0.23
0.7413921 0.70
0.697472 0.46
0.697472 0.30
0.6974717 0.10
0.5710768 0.10
0.4419903 0.10
0.3240647 0.10
0.1556 0.10
28 27
28 2
2 3
27 3
2 4
4 5
5 6
6 7
6 4
4 9
4 8
7 8
3 4
3 26
26 25
25 20
26 20
20 24
24 23
24 13
13 23
23 22
22 12
12 14
14 15
15 11
11 12
11 14
11 16
16 18
18 19
19 10
10 9
9 8
7 1
1 0
7 0
0 17
17 21
21 15
8 16
9 18
18 22
