46 .04 .12 0 0
0.6141378 0.40
0.510602 0.45
0.4381975 0.41
0.3710663 0.41
0.133115 0.57
0.2777024 0.63
0.2054373 0.57
0.3236111 0.57
0.3924168 0.64
0.4312238 0.58
0.5053101 0.64
0.5651519 0.57
0.7998911 0.40
0.7275689 0.40
0.7258049 0.52
0.6271064 0.57
0.6164395 0.69
0.7258049 0.63
0.7998911 0.69
0.8597536 0.63
0.9462996 0.64
0.8562459 0.52
0.9198654 0.52
0.9039647 0.39
0.8580151 0.32
0.9498687 0.24
0.852743 0.17
0.9110503 0.18
0.9498687 0.06
0.8610218 0.06
0.8016343 0.24
0.7276101 0.24
0.761084 0.06
0.6852339 0.18
0.6076197 0.23
0.5053102 0.23
0.4418443 0.30
0.3871456 0.23
0.3130159 0.24
0.2707566 0.40
0.1384069 0.40
0.2125069 0.25
0.2143257 0.17
0.1013638 0.29
0.1 0.17
0.3183306 0.06
45 44
44 42
42 41
41 43
43 44
43 40
40 4
4 6
6 5
5 8
8 7
7 6
6 39
39 40
39 41
41 45
45 38
38 39
39 7
7 3
3 2
2 9
9 8
8 10
10 9
10 11
10 16
16 17
17 15
15 16
15 11
11 1
1 2
2 36
36 35
35 34
34 0
0 36
37 3
37 36
38 3
37 45
45 35
34 33
33 31
33 32
32 31
32 30
32 26
26 29
29 28
28 27
27 25
25 28
0 1
0 15
15 14
14 13
13 0
0 31
31 34
13 31
31 30
30 12
12 13
12 21
21 19
19 18
18 12
14 18
18 16
19 20
20 22
22 21
22 23
23 24
24 30
30 26
26 27
25 24
12 23